.Random.seed <-
c(403L, 496L, -2075604844L, 895924158L, -1875201707L, -1129936625L, 
-112798451L, -200502304L, -239972199L, 739623677L, 150840090L, 
-2042421981L, -1897628227L, 398021820L, -785285319L, 1305479172L, 
-988549890L, 2009856342L, 261195493L, 1342904430L, -855250311L, 
914109685L, 1085693124L, 14270639L, 272704233L, -1773188549L, 
876396661L, -44872876L, 1966077585L, 119530143L, -1169527312L, 
1579211089L, 2072828350L, 2029669721L, 383731513L, 2066047514L, 
-223788846L, 1200648186L, -2088490501L, -565639940L, 885524309L, 
-890344937L, 2033944721L, -1930909909L, 630426391L, 944723111L, 
-754467885L, 736058232L, 1166953811L, 1135997997L, 1727169964L, 
-595853620L, -1595895677L, -950976149L, 1829470959L, -1260812397L, 
-1259334592L, -900798890L, -593521198L, -1208865255L, 1850129022L, 
-893760026L, 2042944075L, 1759383634L, 2021408024L, -89330198L, 
-207841257L, 679122598L, 1837757970L, 1351864298L, 987052534L, 
539958768L, -575585859L, 1697497920L, 242809450L, -731096125L, 
640750031L, 1697262650L, -1725269284L, -377364878L, 436806435L, 
-1242677344L, -1064498256L, 889618610L, -1797419208L, 1515073604L, 
134200378L, 2003410211L, -273693284L, 2134753381L, -662253131L, 
445211891L, 1796831872L, 1613545189L, 1798336312L, -442242878L, 
1878418697L, 1380767899L, -742929416L, -303572322L, -1764137628L, 
956894763L, -1102444753L, -1964137505L, 442625264L, -1220001451L, 
-744769274L, 620850643L, 2036041448L, 637621561L, 1868906410L, 
1589125384L, -550630168L, 1037702583L, -171554155L, 667348903L, 
-447721482L, -1187983399L, -486368338L, 175199221L, -290063628L, 
-63529952L, -1675773697L, -2083949007L, 1560282218L, 1182912612L, 
1871353568L, 1544748938L, -56246855L, -691819004L, 486058541L, 
-822286200L, -1567619875L, 733878852L, 981041375L, 1149244503L, 
953685712L, -516039354L, 863236195L, 352183743L, -294739612L, 
-1465727476L, 1360789193L, -2114164870L, -75261616L, -810984586L, 
34235865L, -1943207535L, 1727816388L, 1683471038L, -1087970307L, 
-1611830573L, 790795951L, -1651089477L, 526801972L, -1287970309L, 
-1179605985L, 1914584655L, -1548325511L, 2016671526L, -1648088514L, 
860072667L, -1241771279L, -1250599490L, -248008837L, 690694801L, 
113692670L, 2004563435L, 157693264L, 1620926814L, -1640343903L, 
1673034004L, -382637437L, 874544301L, 117108126L, -2143865421L, 
1556696300L, 843916989L, 858897273L, 537563179L, -37962418L, 
-855117163L, 117112623L, -128505296L, 1209053022L, 1730052525L, 
-704587193L, -1910327887L, -832624680L, -167055555L, -1686125167L, 
-1529271392L, -710752214L, 1156700698L, -385762989L, -2059186758L, 
2119392218L, 1890652389L, -2110868188L, -801619940L, 1213871924L, 
1215847556L, 770101575L, 383640192L, -99673236L, -1107804344L, 
-1658049573L, -1676544350L, 1121727240L, 217148929L, -630922429L, 
-1103760352L, 659350385L, 1470425173L, 1670338566L, -169970867L, 
-2089224900L, -1079550771L, 371870345L, -1442542336L, -162098646L, 
2113667653L, -290266458L, -1390437209L, 34439827L, -1879577924L, 
1247199534L, -1443880898L, -1438774908L, 1837535551L, -1102198778L, 
-428073928L, 712599366L, -1080073797L, -654958082L, -572135321L, 
-1876608210L, 1243802982L, -1239122964L, 537327474L, -308969071L, 
-1540361775L, 1845674062L, -657589833L, -1888714353L, -137844804L, 
-1168001939L, 644489253L, 2015683119L, -429337517L, -2133315303L, 
339532188L, 1880724581L, 862879376L, -463817628L, -960599720L, 
-953359810L, 1492438649L, -53602891L, -1867658216L, 865789255L, 
-1021764229L, 1236979176L, -402877557L, 1901438350L, -1350566125L, 
-1071235845L, -732191808L, 2017492170L, 2040588128L, 57223344L, 
640993417L, 1388990886L, 255900052L, -1241951916L, -1393800044L, 
1443280094L, 2043570730L, 794641894L, -1853305022L, 847589002L, 
768715726L, -1655803570L, -1033193217L, -282017120L, 1660168130L, 
1993806085L, -1348927487L, -1502218891L, 1163323342L, 187445069L, 
238231519L, -1747677193L, 2010950431L, -1668848621L, 1044293874L, 
-1099916421L, -1705585100L, -1233079775L, -1493961523L, 117280589L, 
-2050482658L, -1249566665L, -119643998L, -1983360608L, 1982967290L, 
-407668462L, 961650273L, -1898231341L, 917289839L, 1337890710L, 
1740909459L, -942082930L, -147287600L, -1548635498L, 1643315085L, 
-1461834120L, -2048742074L, 1763805535L, 598038533L, -1202951686L, 
-673769434L, -1720314974L, 1415241918L, 984248820L, -2054780756L, 
-1413075577L, 1360565469L, 698788886L, -2073293752L, -1902435769L, 
2085741436L, -1819026252L, 1365003338L, -602153655L, 43827395L, 
-806049297L, -1825673056L, 1171934607L, 655250190L, 1778783607L, 
1717747797L, -974038376L, 1486558852L, -1672691529L, -1293316189L, 
148560280L, 1027520121L, 1355758994L, 1594913194L, -1808979830L, 
1818143410L, 1109025250L, 1613757293L, 545689216L, 1490627176L, 
-543989856L, -686677768L, 633307434L, 877556083L, 247558622L, 
1500872689L, 2122482276L, -141174132L, -1090741373L, 773735006L, 
1931019317L, -1495139278L, -1667972667L, 1880138245L, -900996501L, 
1910579981L, -1936345029L, -55288657L, 1692996582L, 1139744537L, 
-1795623086L, 488094157L, 50923511L, -1974361308L, -1061068385L, 
384539060L, -40504093L, -2032647531L, 1584693949L, 1926028305L, 
-1964997312L, -807983911L, -504292860L, 58398508L, -12346079L, 
681992904L, -1409694341L, 2077144641L, 10219936L, 390112613L, 
1455772391L, -1818747967L, -1642151231L, 1617066697L, -1863318458L, 
-172086015L, 365822270L, 2009443932L, -1326882134L, 2141179184L, 
-2106362602L, 1314825615L, -845901372L, 421046724L, -1245120876L, 
-1889729388L, -288570708L, 1235377683L, 2063594889L, -468209961L, 
538214997L, -783292706L, -1037053709L, 753483732L, -568537635L, 
1286088733L, 2081184141L, -950626105L, 378653133L, 2064161591L, 
1621158665L, -327832450L, -574273412L, -1369290397L, 1270130741L, 
-796857836L, -1565578314L, 889661346L, -1437015965L, -1672077656L, 
-85760149L, 1104949875L, -1933998809L, 62469251L, 1225821306L, 
-1801919399L, 922828152L, -1425147550L, -350906134L, 232020271L, 
-706566482L, 2078293749L, 1195052447L, 861064891L, -1856089510L, 
-214624276L, 1705655488L, 1598814782L, -1816021439L, -1735136073L, 
1950431806L, 469660604L, -285983527L, -2035405418L, -1586233196L, 
549931285L, -1968622799L, -860589362L, 292156557L, 674678395L, 
-803054900L, 829853908L, 1298789617L, 294080772L, 795270559L, 
728065047L, 1468174153L, 613830726L, 1758051541L, -1167729826L, 
-931443463L, 1046335038L, -1587087396L, -1414506911L, 62064909L, 
-2097625520L, 309922346L, -334242088L, 1761830658L, -807936471L, 
32459080L, -627943293L, 1537032522L, -1097059667L, -533037432L, 
-385360874L, 103485726L, -112400602L, 77894918L, -428743056L, 
1649659631L, 2086169648L, -1423493818L, 1944901398L, 700779106L, 
-388029511L, 894574460L, 1505397124L, 1799770057L, 1047503927L, 
1678713182L, -48511970L, -487871535L, -1168425687L, 276724915L, 
1258796789L, 825274260L, -643034757L, 959286832L, 266565608L, 
269888524L, -431244338L, 1244413514L, -1265503721L, 973012144L, 
2100561647L, -672353024L, -41760804L, -704325458L, 305530536L, 
-873291427L, -1414121115L, 956624061L, 345449890L, 291821318L, 
1508823497L, 350544742L, -299899486L, -1187700009L, -275038712L, 
-1798497808L, -1083997968L, -1019075362L, 1782132170L, 247374686L, 
-1427101875L, 301729503L, -632829140L, 1443179610L, 371959003L, 
1626346041L, -1482906848L, -1575292385L, 926821145L, -408577968L, 
1910105357L, 817149362L, -853635103L, 1643893337L, -1840111786L, 
52360864L, -163339765L, -883087221L, -1723016397L, 1368875656L, 
141372597L, 199937399L, -1067558097L, -1488533342L, 1144794438L, 
-1343138727L, -45157396L, -219677384L, -1956744328L, 925962379L, 
-715065369L, -1321950101L, -1443485322L, 158467060L, -1468503412L, 
-54078716L, 666231046L, -917656236L, -1836700825L, -1626370762L, 
-59001469L, -419443683L, 879055457L, 956635982L, -585215465L, 
643243252L, -1817211038L, -768762369L, 1774182889L, 1945531390L, 
71180701L, 1282297617L, 1636594945L, -466295216L, -388596491L, 
-1486000360L, 1154577816L, 372808941L, -838346565L, -825469875L, 
934874108L, 1687890667L, -1385028047L, 1856231580L, -1675553262L, 
